5619
3294
3864
5073
5680
7180
9027
11520
14259
16469
18052
18792
19367
22555
24098
25908
24135
18687
15791
13121
11582
9177
7810
6353
5329
5048
4556
3562
3298
3182
2902
2680
2603
2430
2200
2233
2069
1993
1845
1758
1668
1698
1578
1602
1542
1579
1498
1606
1451
1616
1526
1688
1563
1800
1766
1750
1803
2158
2193
1903
1852
1942
2117
2183
2332
2654
2420
2358
2480
2185
2122
2136
2153
2243
2306
2199
2356
2549
2721
2887
3093
3274
3518
3937
4317
4855
5105
5011
5409
5246
5601
5624
6140
5400
4796
4354
4141
3958
3570
3820
3760
3565
3290
3498
3408
3698
4492
4634
4567
3981
3742
3802
3966
4596
4724
4976
4763
4489
4278
4610
5851
6765
7944
8381
7188
6185
6005
5767
6291
6639
7529
8095
7204
6443
6190
6014
6371
7180
7028
7078
6725
7550
7181
6794
6723
6340
6195
6535
6731
6897
6947
6633
5794
5219
5153
5030
5403
4598
4117
3977
4042
4067
4140
4637
5107
5430
5234
4797
4675
4659
4842
4840
4746
4638
4631
4820
4762
5061
5021
4997
4441
3979
3983
4199
4458
4723
4792
4343
3775
3642
3323
3129
2865
3085
2902
2543
2431
2337
2027
1852
1488
1332
1218
1155
869
731
540
317
233
162
148
98
84
77
51
56
23
26
11
0
0
0
0
0
0
0
0
0
0
0
0
0
0
0
0
0
0
0
0
0
0
0
0
0
0
0
0
0
0
0
0
0
0
0
0
0
